(3.998791739028141, -0.012422626217462034)
(5.655999045343636, -0.01254948586093804)
(5.655999996525718, -0.010458563328493863)
(7.9999998635775995, -0.010585422999420035)
(3.998791739028141, -0.012422626217462034)
(5.655999045343636, -0.01254948586093804)
(5.655999996525718, -0.010458563328493863)
(7.9999998635775995, -0.010585422999420035)
(3.998791739028141, -0.012422626217462034)
(5.655999045343636, -0.01254948586093804)
(5.655999996525718, -0.010458563328493863)
(7.9999998635775995, -0.010585422999420035)
(3.998791739028141, -0.012422626217462034)
(5.655999045343636, -0.01254948586093804)
(5.655999996525718, -0.010458563328493863)
(7.9999998635775995, -0.010585422999420035)
(3.998791739028141, -0.012422626217462034)
(5.655999045343636, -0.01254948586093804)
(5.655999996525718, -0.010458563328493863)
(7.9999998635775995, -0.010585422999420035)
(3.998791739028141, -0.012422626217462034)
(5.655999045343636, -0.01254948586093804)
(5.655999996525718, -0.010458563328493863)
(7.9999998635775995, -0.010585422999420035)
(3.998791739028141, -0.012422626217462034)
(5.655999045343636, -0.01254948586093804)
(5.655999996525718, -0.010458563328493863)
(7.9999998635775995, -0.010585422999420035)
(3.998791739028141, -0.012422626217462034)
(5.655999045343636, -0.01254948586093804)
(5.655999996525718, -0.010458563328493863)
(7.9999998635775995, -0.010585422999420035)
(3.998791739028141, -0.012422626217462034)
(5.655999045343636, -0.01254948586093804)
(5.655999996525718, -0.010458563328493863)
(7.9999998635775995, -0.010585422999420035)
(3.998791739028141, -0.012422626217462034)
(5.655999045343636, -0.01254948586093804)
(5.655999996525718, -0.010458563328493863)
(7.9999998635775995, -0.010585422999420035)
(3.998791739028141, -0.012422626217462034)
(5.655999045343636, -0.01254948586093804)
(5.655999996525718, -0.010458563328493863)
(7.9999998635775995, -0.010585422999420035)
(3.998791739028141, -0.012422626217462034)
(5.655999045343636, -0.01254948586093804)
(5.655999996525718, -0.010458563328493863)
(7.9999998635775995, -0.010585422999420035)
(3.998791739028141, -0.012422626217462034)
(5.655999045343636, -0.01254948586093804)
(5.655999996525718, -0.010458563328493863)
(7.9999998635775995, -0.010585422999420035)
(3.998791739028141, -0.012422626217462034)
(5.655999045343636, -0.01254948586093804)
(5.655999996525718, -0.010458563328493863)
(7.9999998635775995, -0.010585422999420035)
(3.998791739028141, -0.012422626217462034)
(5.655999045343636, -0.01254948586093804)
(5.655999996525718, -0.010458563328493863)
(7.9999998635775995, -0.010585422999420035)
(3.998791739028141, -0.012422626217462034)
(5.655999045343636, -0.01254948586093804)
(5.655999996525718, -0.010458563328493863)
(7.9999998635775995, -0.010585422999420035)
(3.998791739028141, -0.012422626217462034)
(5.655999045343636, -0.01254948586093804)
(5.655999996525718, -0.010458563328493863)
(7.9999998635775995, -0.010585422999420035)
(3.998791739028141, -0.012422626217462034)
(5.655999045343636, -0.01254948586093804)
(5.655999996525718, -0.010458563328493863)
(7.9999998635775995, -0.010585422999420035)
(3.998791739028141, -0.012422626217462034)
(5.655999045343636, -0.01254948586093804)
(5.655999996525718, -0.010458563328493863)
(7.9999998635775995, -0.010585422999420035)
(3.998791739028141, -0.012422626217462034)
(5.655999045343636, -0.01254948586093804)
(5.655999996525718, -0.010458563328493863)
(7.9999998635775995, -0.010585422999420035)
(3.998791739028141, -0.012422626217462034)
(5.655999045343636, -0.01254948586093804)
(5.655999996525718, -0.010458563328493863)
(7.9999998635775995, -0.010585422999420035)
(3.998791739028141, -0.012422626217462034)
(5.655999045343636, -0.01254948586093804)
(5.655999996525718, -0.010458563328493863)
(7.9999998635775995, -0.010585422999420035)
(3.998791739028141, -0.012422626217462034)
(5.655999045343636, -0.01254948586093804)
(5.655999996525718, -0.010458563328493863)
(7.9999998635775995, -0.010585422999420035)
(3.9987826050214332, -0.07453575539895861)
(5.655965632449837, -0.0752969072389585)
(5.655999874925897, -0.06275137997270341)
(7.999995088794727, -0.06351253774196844)
(3.9986155860458434, -0.322988122378014)
(5.655354680891369, -0.3262859698935659)
(5.655997651386642, -0.27192264668627697)
(7.99990777887018, -0.27522097671150997)
(3.9985725273459747, -0.3602559392242802)
(5.655197178266306, -0.3639341703902176)
(5.655997078130538, -0.3032983367281929)
(7.9998852694004245, -0.306977237454904)
(3.9985725273459747, -0.3602559392242802)
(5.655197178266306, -0.3639341703902176)
(5.655997078130538, -0.3032983367281929)
(7.9998852694004245, -0.306977237454904)
(3.9984723194044753, -0.4347915288050869)
(5.654830639914007, -0.439230387875836)
(5.655995744007416, -0.3660497168522996)
(7.9998328839160875, -0.3704897530504357)
(3.9970375246628658, -1.0186503452883873)
(5.649583723912469, -1.0290370160613334)
(5.655976638974249, -0.8576021975050059)
(7.999082736678502, -0.8680040176595651)
(3.996862214425043, -1.0683400812327917)
(5.648942789578454, -1.0792317587946985)
(5.655974304265508, -0.8994364515207596)
(7.998991069409567, -0.9103456069937256)
(3.996862214425043, -1.0683400812327917)
(5.648942789578454, -1.0792317587946985)
(5.655974304265508, -0.8994364515207596)
(7.998991069409567, -0.9103456069937256)
(3.99591559037789, -1.3043652429647614)
(5.64548253226257, -1.3176522695195434)
(5.655961696156413, -1.0981491590842454)
(7.998496052997456, -1.1114680116743758)
(3.9949091623393636, -1.5155439096169268)
(5.641804782208889, -1.5309686239079499)
(5.655948288990261, -1.2759447411232303)
(7.997969689411616, -1.2914194046229666)
(3.9949091623393636, -1.5155439096169268)
(5.641804782208889, -1.5309686239079499)
(5.655948288990261, -1.2759447411232303)
(7.997969689411616, -1.2914194046229666)
(3.994780862818383, -1.5403883373471494)
(5.641336024837908, -1.5560641595446136)
(5.655946579656524, -1.2968618685324682)
(7.997902583060348, -1.3125901405584752)
(3.9930788509466435, -1.8385192332736315)
(5.6351192912243535, -1.8572012465426844)
(5.65592389975424, -1.5478673994807757)
(7.997012237817262, -1.5666386735739828)
(3.9930788509466435, -1.8385192332736315)
(5.6351192912243535, -1.8572012465426844)
(5.65592389975424, -1.5478673994807757)
(7.997012237817262, -1.5666386735739828)
(3.9921986048205573, -1.9751610501163697)
(5.631905412644972, -1.995216099011364)
(5.655912167240639, -1.662911602540556)
(7.9965516835436095, -1.6830773832425805)
(3.991077207364445, -2.1366454723367214)
(5.627812339126911, -2.158318865638253)
(5.655897217606822, -1.7988729346679033)
(7.995964871565573, -1.8206865860672767)
(3.991077207364445, -2.1366454723367214)
(5.627812339126911, -2.158318865638253)
(5.655897217606822, -1.7988729346679033)
(7.995964871565573, -1.8206865860672767)
(3.991077207364445, -2.1366454723367214)
(5.627812339126911, -2.158318865638253)
(5.655897217606822, -1.7988729346679033)
(7.995964871565573, -1.8206865860672767)
(3.991077207364445, -2.1366454723367214)
(5.627812339126911, -2.158318865638253)
(5.655897217606822, -1.7988729346679033)
(7.995964871565573, -1.8206865860672767)
(3.991077207364445, -2.1366454723367214)
(5.627812339126911, -2.158318865638253)
(5.655897217606822, -1.7988729346679033)
(7.995964871565573, -1.8206865860672767)
(3.991077207364445, -2.1366454723367214)
(5.627812339126911, -2.158318865638253)
(5.655897217606822, -1.7988729346679033)
(7.995964871565573, -1.8206865860672767)
(3.991077207364445, -2.1366454723367214)
(5.627812339126911, -2.158318865638253)
(5.655897217606822, -1.7988729346679033)
(7.995964871565573, -1.8206865860672767)
(3.991077207364445, -2.1366454723367214)
(5.627812339126911, -2.158318865638253)
(5.655897217606822, -1.7988729346679033)
(7.995964871565573, -1.8206865860672767)
(3.991077207364445, -2.1366454723367214)
(5.627812339126911, -2.158318865638253)
(5.655897217606822, -1.7988729346679033)
(7.995964871565573, -1.8206865860672767)
(3.990954792746863, -2.119313576503956)
(5.627361581561006, -2.1411600833899773)
(5.655896713307286, -1.7812498828174248)
(7.995890556827397, -1.803240030198662)
(3.9897458457056723, -1.9672948436898314)
(5.622904362780742, -1.990785134595966)
(5.655892775172112, -1.6264853133018535)
(7.9951424483351445, -1.6501541130897894)
(3.9897153341451053, -1.963851232490206)
(5.622791740028407, -1.9873815828546175)
(5.655892699010852, -1.622975213485427)
(7.9951232377100165, -1.6466849863657955)
(3.9897153341451053, -1.963851232490206)
(5.622791740028407, -1.9873815828546175)
(5.655892699010852, -1.622975213485427)
(7.9951232377100165, -1.6466849863657955)
(3.987619089498138, -1.7617448481215603)
(5.615039024388687, -1.7878867753667373)
(5.655889894544661, -1.4165791381786677)
(7.993765302826267, -1.442967025182426)
(3.9869772381904913, -1.7107440625931853)
(5.61265932539719, -1.7376371511770574)
(5.655889906835631, -1.3643611899099333)
(7.993334666827194, -1.3915220417366923)
(3.9869772381904913, -1.7107440625931853)
(5.61265932539719, -1.7376371511770574)
(5.655889906835631, -1.3643611899099333)
(7.993334666827194, -1.3915220417366923)
(3.9856322305832244, -1.6160415821773944)
(5.607663890317582, -1.6444473282822039)
(5.655891089593717, -1.2672309093269352)
(7.992409919935453, -1.2959521766037212)
(3.9849341052421705, -1.572318638857821)
(5.605066419272055, -1.6014800714335018)
(5.655892270215171, -1.2223069857941957)
(7.991918036367857, -1.2518098002258833)
(3.9841832582578958, -1.5287692595480484)
(5.602269346323845, -1.5587232038113543)
(5.655893935127474, -1.1775068024337452)
(7.991379935233525, -1.2078307367471204)
(3.983310034695323, -1.4820805759763545)
(5.599011970419853, -1.512931844772229)
(5.655896349102361, -1.1294128510681296)
(7.990742284603038, -1.1606683937656888)
(3.983244927621463, -1.478754527234677)
(5.5987689138192005, -1.5096717082707634)
(5.655896548540919, -1.125984045036795)
(7.990694230200835, -1.1573080991233287)
(3.9831135763076495, -1.4721061010806182)
(5.598278476346038, -1.5031558530880462)
(5.655896958825748, -1.1191291352384063)
(7.990597065612703, -1.150591021965871)
(3.9829806910682652, -1.4654626223689544)
(5.597782204237403, -1.496645948441214)
(5.655897384563695, -1.1122778743519606)
(7.990498471603415, -1.1438786826482727)
(3.9829806910682652, -1.4654626223689544)
(5.597782204237403, -1.496645948441214)
(5.655897384563695, -1.1122778743519606)
(7.990498471603415, -1.1438786826482727)
(3.9829806910682652, -1.4654626223689544)
(5.597782204237403, -1.496645948441214)
(5.655897384563695, -1.1122778743519606)
(7.990498471603415, -1.1438786826482727)
(3.9829806910682652, -1.4654626223689544)
(5.597782204237403, -1.496645948441214)
(5.655897384563695, -1.1122778743519606)
(7.990498471603415, -1.1438786826482727)
(3.9829806910682652, -1.4654626223689544)
(5.597782204237403, -1.496645948441214)
(5.655897384563695, -1.1122778743519606)
(7.990498471603415, -1.1438786826482727)
(3.9829806910682652, -1.4654626223689544)
(5.597782204237403, -1.496645948441214)
(5.655897384563695, -1.1122778743519606)
(7.990498471603415, -1.1438786826482727)
(3.9829806910682652, -1.4654626223689544)
(5.597782204237403, -1.496645948441214)
(5.655897384563695, -1.1122778743519606)
(7.990498471603415, -1.1438786826482727)
(3.9829806910682652, -1.4654626223689544)
(5.597782204237403, -1.496645948441214)
(5.655897384563695, -1.1122778743519606)
(7.990498471603415, -1.1438786826482727)
(3.9829806910682652, -1.4654626223689544)
(5.597782204237403, -1.496645948441214)
(5.655897384563695, -1.1122778743519606)
(7.990498471603415, -1.1438786826482727)
(3.9829806910682652, -1.4654626223689544)
(5.597782204237403, -1.496645948441214)
(5.655897384563695, -1.1122778743519606)
(7.990498471603415, -1.1438786826482727)
(3.9829806910682652, -1.4654626223689544)
(5.597782204237403, -1.496645948441214)
(5.655897384563695, -1.1122778743519606)
(7.990498471603415, -1.1438786826482727)
(3.9829806910682652, -1.4654626223689544)
(5.597782204237403, -1.496645948441214)
(5.655897384563695, -1.1122778743519606)
(7.990498471603415, -1.1438786826482727)
(3.9829806910682652, -1.4654626223689544)
(5.597782204237403, -1.496645948441214)
(5.655897384563695, -1.1122778743519606)
(7.990498471603415, -1.1438786826482727)
(3.9829806910682652, -1.4654626223689544)
(5.597782204237403, -1.496645948441214)
(5.655897384563695, -1.1122778743519606)
(7.990498471603415, -1.1438786826482727)
(3.9829806910682652, -1.4654626223689544)
(5.597782204237403, -1.496645948441214)
(5.655897384563695, -1.1122778743519606)
(7.990498471603415, -1.1438786826482727)
(3.9829806910682652, -1.4654626223689544)
(5.597782204237403, -1.496645948441214)
(5.655897384563695, -1.1122778743519606)
(7.990498471603415, -1.1438786826482727)
(3.977889421866423, -1.4422589803678911)
(5.586518136020379, -1.4733365016093032)
(5.655316237297497, -1.119702000375106)
(7.980237918895986, -1.1512588497775167)
(3.9773159162993097, -1.4398297733111738)
(5.585282764223899, -1.4708955357096027)
(5.655086378826471, -1.1211007027789168)
(7.978853037404492, -1.1526507613121353)
(3.9773159162993097, -1.4398297733111738)
(5.585282764223899, -1.4708955357096027)
(5.655086378826471, -1.1211007027789168)
(7.978853037404492, -1.1526507613121353)
(3.973873102658853, -1.425874397614198)
(5.577980752402659, -1.4568700923519196)
(5.652885216181242, -1.1339313797868733)
(7.969095967601963, -1.1654302561434207)
(3.9731938060398115, -1.4232356331837903)
(5.576560889143154, -1.4542175964446777)
(5.652232188036532, -1.1379859058118573)
(7.966726852951544, -1.169471667805839)
(3.9731938060398115, -1.4232356331837903)
(5.576560889143154, -1.4542175964446777)
(5.652232188036532, -1.1379859058118573)
(7.966726852951544, -1.169471667805839)
(3.9731938060398115, -1.4232356331837903)
(5.576560889143154, -1.4542175964446777)
(5.652232188036532, -1.1379859058118573)
(7.966726852951544, -1.169471667805839)
(3.972842109427639, -1.4218829811999236)
(5.575828240352823, -1.4528578459619366)
(5.65185053157778, -1.140457322172678)
(7.965400295868907, -1.1719356471880855)
(3.972758445065449, -1.421562531573696)
(5.5756541945150255, -1.4525357087431678)
(5.651754475875541, -1.1410928114330565)
(7.965072223868833, -1.1725692873968407)
(3.9720183478936364, -1.4187495873105016)
(5.574118548681521, -1.4497078531445748)
(5.650788320144228, -1.1478374903054636)
(7.961882398425681, -1.1792957978748724)
(3.9718918783742225, -1.418272746653848)
(5.573856834697311, -1.4492284674182578)
(5.650595418051981, -1.1492717824976209)
(7.961266519655459, -1.1807265444955095)
(3.9718918783742225, -1.418272746653848)
(5.573856834697311, -1.4492284674182578)
(5.650595418051981, -1.1492717824976209)
(7.961266519655459, -1.1807265444955095)
(3.9722216761567704, -1.419518542934541)
(5.57453973737202, -1.4504809023622396)
(5.651078391156417, -1.145739499917609)
(7.962820764444011, -1.1772031868007655)
(3.9726765062193787, -1.4212491814645354)
(5.575483827668902, -1.4522207062346824)
(5.651658226672391, -1.141735368558794)
(7.964745670926114, -1.1732100002736192)
(3.9726765062193787, -1.4212491814645354)
(5.575483827668902, -1.4522207062346824)
(5.651658226672391, -1.141735368558794)
(7.964745670926114, -1.1732100002736192)
(3.971607953955038, -1.417206234950942)
(5.573270015334468, -1.4481562451442982)
(5.650116475545283, -1.1529825231520858)
(7.959763139635551, -1.1844285822860765)
(3.9714144513752587, -1.4164825103968743)
(5.5728706530480405, -1.4474286311098727)
(5.649738515286809, -1.1560800015916937)
(7.958600371028082, -1.187519284645241)
(3.9714144513752587, -1.4164825103968743)
(5.5728706530480405, -1.4474286311098727)
(5.649738515286809, -1.1560800015916937)
(7.958600371028082, -1.187519284645241)
(3.9714144513752587, -1.4164825103968743)
(5.5728706530480405, -1.4474286311098727)
(5.649738515286809, -1.1560800015916937)
(7.958600371028082, -1.187519284645241)
(3.9714144513752587, -1.4164825103968743)
(5.5728706530480405, -1.4474286311098727)
(5.649738515286809, -1.1560800015916937)
(7.958600371028082, -1.187519284645241)
(3.971507434754804, -1.4168299654274776)
(5.573062500302824, -1.447777954899857)
(5.649926795088276, -1.1545169217604452)
(7.959177140304317, -1.1859595707468031)
(3.971507434754804, -1.4168299654274776)
(5.573062500302824, -1.447777954899857)
(5.649926795088276, -1.1545169217604452)
(7.959177140304317, -1.1859595707468031)
(3.971507434754804, -1.4168299654274776)
(5.573062500302824, -1.447777954899857)
(5.649926795088276, -1.1545169217604452)
(7.959177140304317, -1.1859595707468031)
(3.971507434754804, -1.4168299654274776)
(5.573062500302824, -1.447777954899857)
(5.649926795088276, -1.1545169217604452)
(7.959177140304317, -1.1859595707468031)
(3.971507434754804, -1.4168299654274776)
(5.573062500302824, -1.447777954899857)
(5.649926795088276, -1.1545169217604452)
(7.959177140304317, -1.1859595707468031)
(3.971507434754804, -1.4168299654274776)
(5.573062500302824, -1.447777954899857)
(5.649926795088276, -1.1545169217604452)
(7.959177140304317, -1.1859595707468031)
(3.971507434754804, -1.4168299654274776)
(5.573062500302824, -1.447777954899857)
(5.649926795088276, -1.1545169217604452)
(7.959177140304317, -1.1859595707468031)
(3.971507434754804, -1.4168299654274776)
(5.573062500302824, -1.447777954899857)
(5.649926795088276, -1.1545169217604452)
(7.959177140304317, -1.1859595707468031)
(3.971507434754804, -1.4168299654274776)
(5.573062500302824, -1.447777954899857)
(5.649926795088276, -1.1545169217604452)
(7.959177140304317, -1.1859595707468031)
(3.971507434754804, -1.4168299654274776)
(5.573062500302824, -1.447777954899857)
(5.649926795088276, -1.1545169217604452)
(7.959177140304317, -1.1859595707468031)
(3.971507434754804, -1.4168299654274776)
(5.573062500302824, -1.447777954899857)
(5.649926795088276, -1.1545169217604452)
(7.959177140304317, -1.1859595707468031)
(3.979908996442681, -1.7290527766033483)
(5.598541742375132, -1.7549655932720754)
(5.65207742075227, -1.4727366204509784)
(7.97261289782459, -1.4989367246403902)
(3.9809380323595622, -1.7814449645375683)
(5.60166799508656, -1.806660221544061)
(5.652325230069903, -1.5259792148163844)
(7.974213224979519, -1.5514588864465164)
(3.9809380323595622, -1.7814449645375683)
(5.60166799508656, -1.806660221544061)
(5.652325230069903, -1.5259792148163844)
(7.974213224979519, -1.5514588864465164)
(3.9851287686592163, -2.051569091165373)
(5.6144087954380915, -2.0736900259007163)
(5.653298523165887, -1.7999301983625402)
(7.980621795326958, -1.8222289718574622)
(3.985173382871221, -2.0550883916496123)
(5.614544501219489, -2.077173821330045)
(5.653308569315107, -1.8034939161457257)
(7.98068904984037, -1.8257563234260887)
(3.985608096705971, -2.09029515567497)
(5.615866861598716, -2.1120313446172103)
(5.653406102709294, -1.8391381890629592)
(7.981343260791638, -1.8610430354791856)
(3.9868709666115723, -2.2031147374437645)
(5.61970902274824, -2.2238002856289603)
(5.653685759001523, -1.9532805314059005)
(7.983232232816845, -1.9741113141911715)
(3.9871943333177615, -2.2348855226534634)
(5.620692973138881, -2.255292715715663)
(5.653756474809608, -1.9854034118002573)
(7.9837131040531695, -2.0059500261400496)
(3.9874370555099286, -2.2596075451403186)
(5.621431570089566, -2.2798031124062175)
(5.653809312908388, -2.010393581516774)
(7.984073283988373, -2.0307242572812427)
(3.9874711227814053, -2.263140058523161)
(5.621535238145831, -2.2833057337490876)
(5.653816712329152, -2.013964002464124)
(7.984123784110355, -2.0342641843850964)
(3.9874711227814053, -2.263140058523161)
(5.621535238145831, -2.2833057337490876)
(5.653816712329152, -2.013964002464124)
(7.984123784110355, -2.0342641843850964)
(3.9874711227814053, -2.263140058523161)
(5.621535238145831, -2.2833057337490876)
(5.653816712329152, -2.013964002464124)
(7.984123784110355, -2.0342641843850964)
(3.9874711227814053, -2.263140058523161)
(5.621535238145831, -2.2833057337490876)
(5.653816712329152, -2.013964002464124)
(7.984123784110355, -2.0342641843850964)
(3.9874711227814053, -2.263140058523161)
(5.621535238145831, -2.2833057337490876)
(5.653816712329152, -2.013964002464124)
(7.984123784110355, -2.0342641843850964)
(3.9874711227814053, -2.263140058523161)
(5.621535238145831, -2.2833057337490876)
(5.653816712329152, -2.013964002464124)
(7.984123784110355, -2.0342641843850964)
(3.9874711227814053, -2.263140058523161)
(5.621535238145831, -2.2833057337490876)
(5.653816712329152, -2.013964002464124)
(7.984123784110355, -2.0342641843850964)
(3.9874711227814053, -2.263140058523161)
(5.621535238145831, -2.2833057337490876)
(5.653816712329152, -2.013964002464124)
(7.984123784110355, -2.0342641843850964)
(3.9874711227814053, -2.263140058523161)
(5.621535238145831, -2.2833057337490876)
(5.653816712329152, -2.013964002464124)
(7.984123784110355, -2.0342641843850964)
(3.9874711227814053, -2.263140058523161)
(5.621535238145831, -2.2833057337490876)
(5.653816712329152, -2.013964002464124)
(7.984123784110355, -2.0342641843850964)
(3.9874711227814053, -2.263140058523161)
(5.621535238145831, -2.2833057337490876)
(5.653816712329152, -2.013964002464124)
(7.984123784110355, -2.0342641843850964)
(3.9874711227814053, -2.263140058523161)
(5.621535238145831, -2.2833057337490876)
(5.653816712329152, -2.013964002464124)
(7.984123784110355, -2.0342641843850964)
(3.98837292118061, -2.1710418266391533)
(5.624277390462053, -2.19040053296966)
(5.653990781548985, -1.9320006672137002)
(7.985388837310256, -1.9514780576603348)
(3.988871482509026, -2.118413909805032)
(5.625793637395459, -2.1373107136251095)
(5.654087004730137, -1.8851644578466529)
(7.986088196160399, -1.904171491210009)
(3.988871482509026, -2.118413909805032)
(5.625793637395459, -2.1373107136251095)
(5.654087004730137, -1.8851644578466529)
(7.986088196160399, -1.904171491210009)
(3.988871482509026, -2.118413909805032)
(5.625793637395459, -2.1373107136251095)
(5.654087004730137, -1.8851644578466529)
(7.986088196160399, -1.904171491210009)
(3.9897146358306266, -2.0263144555220762)
(5.628358264176218, -2.044401620088922)
(5.654249716305722, -1.803201061439723)
(7.987270886244114, -1.8213846486381082)
(3.9902940257969557, -1.96052867938041)
(5.63012088458157, -1.978036544490482)
(5.654361513445324, -1.7446557556846172)
(7.988083561924836, -1.7622509251208882)
(3.9902940257969557, -1.96052867938041)
(5.63012088458157, -1.978036544490482)
(5.654361513445324, -1.7446557556846172)
(7.988083561924836, -1.7622509251208882)
(3.9906325116734274, -1.9210570389312025)
(5.631150733794625, -1.9382169431651555)
(5.654426821481047, -1.7095285634813593)
(7.988558323069478, -1.7267705886397695)
(3.99191781439171, -1.7631692253009936)
(5.635062010318285, -1.7789345573711959)
(5.6546747759772575, -1.5690197319685966)
(7.990361006202301, -1.5848485093448879)
(3.99191781439171, -1.7631692253009936)
(5.635062010318285, -1.7789345573711959)
(5.6546747759772575, -1.5690197319685966)
(7.990361006202301, -1.5848485093448879)
(3.99191781439171, -1.7631692253009936)
(5.635062010318285, -1.7789345573711959)
(5.6546747759772575, -1.5690197319685966)
(7.990361006202301, -1.5848485093448879)
(3.9925192632165545, -1.6842246044482116)
(5.636892657488248, -1.6992910951099276)
(5.654790786164034, -1.4987652804359235)
(7.991204513166834, -1.5138870513359661)
(3.992809682675169, -1.6447521247683627)
(5.637776704866453, -1.6594688263049544)
(5.65484679937886, -1.4636380461863348)
(7.991611803756497, -1.4784062231523762)
(3.992809682675169, -1.6447521247683627)
(5.637776704866453, -1.6594688263049544)
(5.65484679937886, -1.4636380461863348)
(7.991611803756497, -1.4784062231523762)
(3.992809682675169, -1.6447521247683627)
(5.637776704866453, -1.6594688263049544)
(5.65484679937886, -1.4636380461863348)
(7.991611803756497, -1.4784062231523762)
(3.9938157555653833, -1.5000187841172046)
(5.640839676580248, -1.5134509346506837)
(5.655040819503296, -1.3348381413879926)
(7.993022688873799, -1.3483093168247835)
(3.993988748048979, -1.4737034835405114)
(5.641366419462764, -1.486901758112678)
(5.655074177612013, -1.3114199694706892)
(7.993265279757767, -1.324655247272516)
(3.9966946196303637, -0.9737053963284842)
(5.649608175991827, -0.9824440082721317)
(5.655595823878324, -0.8664743328969403)
(7.997059459740154, -0.8752236016796905)
(3.997366714603878, -0.8026507718817318)
(5.651656075377538, -0.8098579670480824)
(5.655725355598167, -0.7142559558896056)
(7.998001780173779, -0.721469118121352)
(3.997366714603878, -0.8026507718817318)
(5.651656075377538, -0.8098579670480824)
(5.655725355598167, -0.7142559558896056)
(7.998001780173779, -0.721469118121352)
(3.997756225269104, -0.6842277414430171)
(5.652843071261342, -0.6903734289456447)
(5.655800418625196, -0.6088739725275297)
(7.99854788231763, -0.6150233556515613)
(3.9977956758819464, -0.6710696004620798)
(5.652963298970278, -0.6770972852935717)
(5.655808020921885, -0.5971648619341333)
(7.998603192215362, -0.6031960331756878)
(3.9977956758819464, -0.6710696004620798)
(5.652963298970278, -0.6770972852935717)
(5.655808020921885, -0.5971648619341333)
(7.998603192215362, -0.6031960331756878)
(3.997834360757584, -0.6579114545393394)
(5.653081194093023, -0.6638211259967937)
(5.65581547560888, -0.5854557510924053)
(7.99865742842342, -0.5913687078014244)
(3.9982093510307157, -0.5131715509685922)
(5.65422405884923, -0.5177824290888855)
(5.655887734802652, -0.456655516836286)
(7.999183158573265, -0.46126795365500983)
(3.9982093510307157, -0.5131715509685922)
(5.65422405884923, -0.5177824290888855)
(5.655887734802652, -0.456655516836286)
(7.999183158573265, -0.46126795365500983)
(3.998238845808347, -0.500013353308713)
(5.654313954713966, -0.5045061060267978)
(5.6558934181404865, -0.44494640339442326)
(7.999224509275788, -0.4494405979355491)
(3.9984238623651067, -0.4079058720432271)
(5.654877872320653, -0.41157153556299514)
(5.65592906827004, -0.36298260439336644)
(7.9994838947479066, -0.3666490506245777)
(3.9984238623651067, -0.4079058720432271)
(5.654877872320653, -0.41157153556299514)
(5.65592906827004, -0.36298260439336644)
(7.9994838947479066, -0.3666490506245777)
(3.9984238623651067, -0.4079058720432271)
(5.654877872320653, -0.41157153556299514)
(5.65592906827004, -0.36298260439336644)
(7.9994838947479066, -0.3666490506245777)
(3.998681287783262, -0.22369050133347376)
(5.655662526119558, -0.22570110297497029)
(5.65597866874103, -0.19905498587326462)
(7.999844789766142, -0.20106571657764244)
(3.9987169146378285, -0.18421572799640315)
(5.655771123271635, -0.18587156305934568)
(5.655985533118577, -0.16392763648159314)
(7.9998947360564046, -0.1655835436270816)
(3.9987169146378285, -0.18421572799640315)
(5.655771123271635, -0.18587156305934568)
(5.655985533118577, -0.16392763648159314)
(7.9998947360564046, -0.1655835436270816)
(3.99872725796443, -0.17105746737647778)
(5.655802651780871, -0.1725950407657128)
(5.655987526003593, -0.15221851987488122)
(7.999909236637716, -0.1537561509771064)
(3.9987456461519924, -0.1447409424564117)
(5.655858702801499, -0.14604198453464942)
(5.65599106891164, -0.12880028647643907)
(7.999935015499414, -0.13010136351835752)
(3.998767482210144, -0.1052661473285641)
(5.655925263949659, -0.10621237567529809)
(5.655995276117186, -0.09367293598926398)
(7.999965627981598, -0.09461917778542522)
(3.9987732285566513, -0.09210788060728359)
(5.655942780142544, -0.09293583407784699)
(5.655996383276945, -0.0819638190758115)
(7.9999736839131055, -0.08279178155641172)
(3.998782422724421, -0.06579134522781489)
(5.655970806138918, -0.06638274475495629)
(5.65599815473291, -0.05854558515152875)
(7.999986573416642, -0.05913698796219452)
(3.998782422724421, -0.06579134522781489)
(5.655970806138918, -0.06638274475495629)
(5.65599815473291, -0.05854558515152875)
(7.999986573416642, -0.05913698796219452)
(3.9987858705415746, -0.052633076763320075)
(5.655981315915406, -0.05310619764233349)
(5.6559988190290085, -0.04683646815043631)
(7.999991406984631, -0.04730959071061097)
(3.9987858705415746, -0.052633076763320075)
(5.655981315915406, -0.05310619764233349)
(5.6559988190290085, -0.04683646815043631)
(7.999991406984631, -0.04730959071061097)
(3.9987858705415746, -0.052633076763320075)
(5.655981315915406, -0.05310619764233349)
(5.6559988190290085, -0.04683646815043631)
(7.999991406984631, -0.04730959071061097)
(3.998788552178736, -0.039474807911446155)
(5.655989490196509, -0.03982964930412936)
(5.655999335703793, -0.03512735112986832)
(7.999995166427971, -0.03548219323179037)
(3.998788552178736, -0.039474807911446155)
(5.655989490196509, -0.03982964930412936)
(5.655999335703793, -0.03512735112986832)
(7.999995166427971, -0.03548219323179037)
(3.998788552178736, -0.039474807911446155)
(5.655989490196509, -0.03982964930412936)
(5.655999335703793, -0.03512735112986832)
(7.999995166427971, -0.03548219323179037)
(3.998788552178736, -0.039474807911446155)
(5.655989490196509, -0.03982964930412936)
(5.655999335703793, -0.03512735112986832)
(7.999995166427971, -0.03548219323179037)
(3.998788552178736, -0.039474807911446155)
(5.655989490196509, -0.03982964930412936)
(5.655999335703793, -0.03512735112986832)
(7.999995166427971, -0.03548219323179037)
(3.998788552178736, -0.039474807911446155)
(5.655989490196509, -0.03982964930412936)
(5.655999335703793, -0.03512735112986832)
(7.999995166427971, -0.03548219323179037)
(3.998788552178736, -0.039474807911446155)
(5.655989490196509, -0.03982964930412936)
(5.655999335703793, -0.03512735112986832)
(7.999995166427971, -0.03548219323179037)
(3.998788552178736, -0.039474807911446155)
(5.655989490196509, -0.03982964930412936)
(5.655999335703793, -0.03512735112986832)
(7.999995166427971, -0.03548219323179037)
(3.998788552178736, -0.039474807911446155)
(5.655989490196509, -0.03982964930412936)
(5.655999335703793, -0.03512735112986832)
(7.999995166427971, -0.03548219323179037)
(3.998788552178736, -0.039474807911446155)
(5.655989490196509, -0.03982964930412936)
(5.655999335703793, -0.03512735112986832)
(7.999995166427971, -0.03548219323179037)
(3.9881120498510647, -1.265035404166007)
(5.61744811539455, -1.290083143807408)
(5.655986369636509, -0.9768389372549017)
(7.993082384618212, -1.0021063827019325)
(3.9881120498510647, -1.265035404166007)
(5.61744811539455, -1.290083143807408)
(5.655986369636509, -0.9768389372549017)
(7.993082384618212, -1.0021063827019325)
(3.9881120498510647, -1.265035404166007)
(5.61744811539455, -1.290083143807408)
(5.655986369636509, -0.9768389372549017)
(7.993082384618212, -1.0021063827019325)
(3.9881120498510647, -1.265035404166007)
(5.61744811539455, -1.290083143807408)
(5.655986369636509, -0.9768389372549017)
(7.993082384618212, -1.0021063827019325)
(3.9881120498510647, -1.265035404166007)
(5.61744811539455, -1.290083143807408)
(5.655986369636509, -0.9768389372549017)
(7.993082384618212, -1.0021063827019325)
(3.9881120498510647, -1.265035404166007)
(5.61744811539455, -1.290083143807408)
(5.655986369636509, -0.9768389372549017)
(7.993082384618212, -1.0021063827019325)
(3.9881120498510647, -1.265035404166007)
(5.61744811539455, -1.290083143807408)
(5.655986369636509, -0.9768389372549017)
(7.993082384618212, -1.0021063827019325)
(3.9881120498510647, -1.265035404166007)
(5.61744811539455, -1.290083143807408)
(5.655986369636509, -0.9768389372549017)
(7.993082384618212, -1.0021063827019325)
(3.9881120498510647, -1.265035404166007)
(5.61744811539455, -1.290083143807408)
(5.655986369636509, -0.9768389372549017)
(7.993082384618212, -1.0021063827019325)
(3.9881120498510647, -1.265035404166007)
(5.61744811539455, -1.290083143807408)
(5.655986369636509, -0.9768389372549017)
(7.993082384618212, -1.0021063827019325)
(3.9881120498510647, -1.265035404166007)
(5.61744811539455, -1.290083143807408)
(5.655986369636509, -0.9768389372549017)
(7.993082384618212, -1.0021063827019325)
(3.9881120498510647, -1.265035404166007)
(5.61744811539455, -1.290083143807408)
(5.655986369636509, -0.9768389372549017)
(7.993082384618212, -1.0021063827019325)
(3.9881120498510647, -1.265035404166007)
(5.61744811539455, -1.290083143807408)
(5.655986369636509, -0.9768389372549017)
(7.993082384618212, -1.0021063827019325)
(3.9881120498510647, -1.265035404166007)
(5.61744811539455, -1.290083143807408)
(5.655986369636509, -0.9768389372549017)
(7.993082384618212, -1.0021063827019325)
(3.9881120498510647, -1.265035404166007)
(5.61744811539455, -1.290083143807408)
(5.655986369636509, -0.9768389372549017)
(7.993082384618212, -1.0021063827019325)
(3.9881120498510647, -1.265035404166007)
(5.61744811539455, -1.290083143807408)
(5.655986369636509, -0.9768389372549017)
(7.993082384618212, -1.0021063827019325)
(3.9881120498510647, -1.265035404166007)
(5.61744811539455, -1.290083143807408)
(5.655986369636509, -0.9768389372549017)
(7.993082384618212, -1.0021063827019325)
(3.988745190309216, -1.306919493037363)
(5.6197608691247565, -1.3311986979114714)
(5.655984609281958, -1.0199088436919126)
(7.993573728358099, -1.0443882965249816)
(3.9901311566966866, -1.4138152087373266)
(5.6248124877680405, -1.4363266143384303)
(5.655980962122076, -1.1295713370896696)
(7.994616864522846, -1.1522426408385358)
(3.9901638981926393, -1.4166419915647412)
(5.6249316373726, -1.439110057247458)
(5.65598088146076, -1.1324666220524366)
(7.994640967454256, -1.1550936711345086)
(3.9912347368433316, -1.518813225515837)
(5.628823634728844, -1.5398175368181444)
(5.655978451930194, -1.236969835661897)
(7.995415444619458, -1.258104233335387)
(3.9921257904423966, -1.6216799876287207)
(5.6320548257250085, -1.641388412417774)
(5.655976829213702, -1.3419304109404522)
(7.996039225573904, -1.361746444356599)
(3.9921257904423966, -1.6216799876287207)
(5.6320548257250085, -1.641388412417774)
(5.655976829213702, -1.3419304109404522)
(7.996039225573904, -1.361746444356599)
(3.9931851691756144, -1.7741443730286663)
(5.635887458130364, -1.7921979949800337)
(5.655975555368874, -1.4971074314573423)
(7.996755846126859, -1.5152439123418318)
(3.9935543613240174, -1.8377292927011917)
(5.637220796241719, -1.855171160329277)
(5.655975321456341, -1.561706008516969)
(7.996999043028484, -1.5792226424691043)
(3.9935543613240174, -1.8377292927011917)
(5.637220796241719, -1.855171160329277)
(5.655975321456341, -1.561706008516969)
(7.996999043028484, -1.5792226424691043)
(3.993874801023151, -1.8985640866397262)
(5.638377074777604, -1.9154578327097227)
(5.655975222274315, -1.6234539257012022)
(7.997207314339332, -1.6404156479983125)
(3.9940313943191685, -1.930480280878442)
(5.638941791030611, -1.9470998730532811)
(5.655975211866178, -1.655828564505809)
(7.997308128867662, -1.672512895757336)
(3.9940313943191685, -1.930480280878442)
(5.638941791030611, -1.9470998730532811)
(5.655975211866178, -1.655828564505809)
(7.997308128867662, -1.672512895757336)
(3.9940313943191685, -1.930480280878442)
(5.638941791030611, -1.9470998730532811)
(5.655975211866178, -1.655828564505809)
(7.997308128867662, -1.672512895757336)
(3.9940313943191685, -1.930480280878442)
(5.638941791030611, -1.9470998730532811)
(5.655975211866178, -1.655828564505809)
(7.997308128867662, -1.672512895757336)
(3.9940313943191685, -1.930480280878442)
(5.638941791030611, -1.9470998730532811)
(5.655975211866178, -1.655828564505809)
(7.997308128867662, -1.672512895757336)
(3.9940313943191685, -1.930480280878442)
(5.638941791030611, -1.9470998730532811)
(5.655975211866178, -1.655828564505809)
(7.997308128867662, -1.672512895757336)
(3.9940313943191685, -1.930480280878442)
(5.638941791030611, -1.9470998730532811)
(5.655975211866178, -1.655828564505809)
(7.997308128867662, -1.672512895757336)
(3.9940313943191685, -1.930480280878442)
(5.638941791030611, -1.9470998730532811)
(5.655975211866178, -1.655828564505809)
(7.997308128867662, -1.672512895757336)
(3.9940313943191685, -1.930480280878442)
(5.638941791030611, -1.9470998730532811)
(5.655975211866178, -1.655828564505809)
(7.997308128867662, -1.672512895757336)
(3.993623727294969, -2.011477452735124)
(5.637482169931345, -2.0287882746547212)
(5.655973088108042, -1.72530388933651)
(7.997077531383462, -1.7426879618822895)
(3.992832917782684, -2.1599716191488394)
(5.634651246276557, -2.1785477141330287)
(5.655968967873568, -1.8526753183371536)
(7.996630171225058, -1.871342152564254)
(3.992832917782684, -2.1599716191488394)
(5.634651246276557, -2.1785477141330287)
(5.655968967873568, -1.8526753183371536)
(7.996630171225058, -1.871342152564254)
(3.9926830988363773, -2.186970464494587)
(5.634115003400791, -2.20577632182964)
(5.655968187223344, -1.875833759994549)
(7.996545413212858, -1.894733809511821)
(3.991500287850761, -2.3894608274513898)
(5.629882249979815, -2.409986913623544)
(5.655962023241218, -2.0495220726423384)
(7.995876191659638, -2.070171090243375)
(3.991500287850761, -2.3894608274513898)
(5.629882249979815, -2.409986913623544)
(5.655962023241218, -2.0495220726423384)
(7.995876191659638, -2.070171090243375)
(3.9911672426735425, -2.4434579539986596)
(5.628690702028337, -2.4644418387254126)
(5.655960287387216, -2.0958389560825785)
(7.995687738312885, -2.1169543196396643)
(3.9902131137612113, -2.591949354583705)
(5.625277743072971, -2.6141900487833234)
(5.65595531377989, -2.2232103856982324)
(7.995147796503111, -2.245608096063327)
(3.9902131137612113, -2.591949354583705)
(5.625277743072971, -2.6141900487833234)
(5.65595531377989, -2.2232103856982324)
(7.995147796503111, -2.245608096063327)
(3.9902131137612113, -2.591949354583705)
(5.625277743072971, -2.6141900487833234)
(5.65595531377989, -2.2232103856982324)
(7.995147796503111, -2.245608096063327)
(3.9902131137612113, -2.591949354583705)
(5.625277743072971, -2.6141900487833234)
(5.65595531377989, -2.2232103856982324)
(7.995147796503111, -2.245608096063327)
(3.9902131137612113, -2.591949354583705)
(5.625277743072971, -2.6141900487833234)
(5.65595531377989, -2.2232103856982324)
(7.995147796503111, -2.245608096063327)
